STARLINK-10000
1 70000U 23999A   24189.50000000  .00012345  00000-0  50000-4 0  9990
2 70000  53.05  15.0 0001000 150.0 210.0 15.00000000    01
STARLINK-11000
1 70001U 23999B   24189.51000000  .00012345  00000-0  50000-4 0  9991
2 70001  53.10  73.0 0001000  90.0  45.0 15.00000000    02
STARLINK-12000
1 70002U 23999C   24189.52000000  .00012345  00000-0  50000-4 0  9992
2 70002  53.00 110.0 0001000 200.0 130.0 15.00000000    03
STARLINK-13000
1 70003U 23999D   24189.53000000  .00012345  00000-0  50000-4 0  9993
2 70003  53.12 199.0 0001000  30.0 300.0 15.00000000    04
STARLINK-14000
1 70004U 23999E   24189.54000000  .00012345  00000-0  50000-4 0  9994
2 70004  53.02 288.0 0001000 270.0 180.0 15.00000000    05
STARLINK-15000
1 70005U 23999F   24189.55000000  .00012345  00000-0  50000-4 0  9995
2 70005  53.15 342.0 0001000  10.0  85.0 15.00000000    06
STARLINK-16000
1 70006U 23999G   24189.56000000  .00012345  00000-0  50000-4 0  9996
2 70006  53.08  45.0 0001000 160.0  95.0 15.00000000    07
STARLINK-17000
1 70007U 23999H   24189.57000000  .00012345  00000-0  50000-4 0  9997
2 70007  53.03 167.0 0001000 230.0 300.0 15.00000000    08
STARLINK-18000
1 70008U 23999I   24189.58000000  .00012345  00000-0  50000-4 0  9998
2 70008  53.06 245.0 0001000  60.0 250.0 15.00000000    09
